0 1 800000000.000000000000000
0 18 50000000.000000000000000
0 19 15000000.000000000000000
0 20 15000000.000000000000000
0 0 0.000000000000001
0 21 3526.726528000000000
0 41 1019999999.000000000000000
1 14 78997.851140000000000
1 15 57470.518820000000000
1 32 109192.770200000000000
1 101 155480.493800000000000
1 209 1200000.000000000000000
1 210 1380000.000000000000000
1 214 194400.000000000000000
1 215 105600.000000000000000
1 258 788993152.100000000000000
2 5 17579.999980000000000
2 12 17039.704110000000000
2 120 5282.641705000000000
2 221 60000.000000000000000
2 258 596640360.100000000000000
6 7 23413.623770000000000
8 211 10080.000000000000000
9 7 13614.454710000000000
13 157 77607.572600000000000
14 216 78997.000000000000000
15 22 57470.518820000000000
17 22 159517.564700000000000
18 31 12500000.000000000000000
18 258 37500000.000000000000000
19 33 15000000.000000000000000
20 21 3000000.000000000000000
20 39 1000000.000000000000000
20 258 11000000.000000000000000
21 22 2500000.000000000000000
21 258 500000.000000000000000
22 30 2386.915018000000000
22 65 31728.735970000000000
22 84 47436.291340000000000
22 98 36205.080240000000000
22 117 18385.573180000000000
22 118 21005.357320000000000
22 147 145483.385000000000000
22 162 10180.315400000000000
22 169 10001.000000000000000
22 172 91946.914620000000000
22 175 88868.325320000000000
22 201 6596.728225000000000
22 227 19162.593580000000000
22 228 0.033223382000000
22 70 0.184311662000000
22 245 184844.360800000000000
22 247 0.293416726000000
22 250 0.093510845000000
22 263 56086.352450000000000
22 265 0.112165290000000
22 269 0.758161036000000
22 270 11340.913980000000000
24 28 300000.000000000000000
24 36 250000.000000000000000
24 258 1137133.849000000000000
26 22 5148.301415000000000
28 38 300000.000000000000000
29 204 0.589579547000000
33 35 15000000.000000000000000
35 44 2.000000000000000
35 46 66832.250000000000000
35 47 35000.000000000000000
35 49 1250.000000000000000
35 55 17530.000000000000000
35 56 15208.000000000000000
35 57 9000.000000000000000
35 58 10000.000000000000000
35 59 40.000000000000000
35 60 5000.000000000000000
35 61 20000.000000000000000
35 64 11110.000000000000000
35 67 27265.000000000000000
35 68 600000.000000000000000
35 72 220288.840000000000000
35 73 1250000.000000000000000
35 81 11806.600000000000000
35 82 17200.000000000000000
35 85 71000.000000000000000
35 87 11094.250000000000000
35 88 93378.110000000000000
35 90 10000.000000000000000
35 91 1000000.000000000000000
35 94 105859.000000000000000
35 95 50000.000000000000000
35 96 10000.000000000000000
35 103 659400.000000000000000
35 105 10000.000000000000000
35 107 10300.000000000000000
35 112 30000.000000000000000
35 113 10000.000000000000000
35 119 14000.000000000000000
35 121 10000.000000000000000
35 122 82288.000000000000000
35 126 100000.000000000000000
35 128 140000.000000000000000
35 129 265000.000000000000000
35 130 125000.000000000000000
35 131 1296200.000000000000000
35 132 125000.000000000000000
35 133 125000.000000000000000
35 137 12612.000000000000000
35 138 34178.000000000000000
35 140 79839.000000000000000
35 143 100000.000000000000000
35 145 235142.000000000000000
35 149 20400.000000000000000
35 150 105500.000000000000000
35 151 10000.000000000000000
35 153 25253.000000000000000
35 155 60500.000000000000000
35 158 50000.000000000000000
35 164 82103.000000000000000
35 171 10000.000000000000000
35 174 32779.000000000000000
35 169 10001.000000000000000
35 177 10199.000000000000000
35 182 13595.000000000000000
35 183 40000.000000000000000
35 185 29962.000000000000000
35 186 13705.000000000000000
35 187 2390800.000000000000000
35 191 200000.000000000000000
35 192 13038.173000000000000
35 194 19665.000000000000000
35 195 2652.900000000000000
35 197 2990.000000000000000
35 200 10000.000000000000000
35 205 10000.000000000000000
35 206 5788.000000000000000
35 207 4100.000000000000000
35 208 6782.000000000000000
35 219 10000.000000000000000
35 222 335415.000000000000000
35 225 1200.000000000000000
35 229 29170.000000000000000
35 233 61338.000000000000000
35 234 31326.000000000000000
35 236 50000.000000000000000
35 239 50210.000000000000000
35 242 1200.000000000000000
35 243 4241.000000000000000
35 244 36309.000000000000000
35 248 17184.000000000000000
35 251 1200.000000000000000
35 252 9500.000000000000000
35 253 1651.000000000000000
35 256 12800.000000000000000
35 257 2025.000000000000000
35 260 16000.000000000000000
35 261 18414.000000000000000
35 262 2500.000000000000000
35 264 33000.000000000000000
35 267 256372.000000000000000
35 268 36739.000000000000000
35 272 1293.000000000000000
36 71 61219.546040000000000
36 217 5190.630386000000000
36 225 75.813796760000000
36 231 2575.085886000000000
36 240 556.147691500000000
36 252 6217.058228000000000
36 264 172.364844100000000
36 267 0.000000001058690
37 22 0.017842500000000
38 24 300000.000000000000000
39 40 100.000000000000000
40 35 100.000000000000000
41 54 1019999999.000000000000000
42 22 499999.000000000000000
43 50 343753.130000000000000
46 22 66832.250000000000000
48 22 213522.000000000000000
50 35 343753.130000000000000
51 46 0.000000000279327
51 74 0.000000001163090
51 42 0.000000001415610
51 111 0.000000000998972
51 177 0.000000000020531
52 22 500000.000000000000000
52 136 1500000.000000000000000
57 163 9000.000000000000000
65 66 31728.735970000000000
66 35 31728.735970000000000
67 22 27265.000000000000000
68 22 600000.000000000000000
71 36 61219.546040000000000
72 77 220288.840000000000000
74 22 357652.961100000000000
76 22 434388.000000000000000
77 35 220288.840000000000000
79 128 0.000000000531879
79 78 0.000000001201040
79 139 0.000000000171852
84 86 47436.291340000000000
85 139 71000.000000000000000
86 35 47436.291340000000000
88 89 93378.110000000000000
89 35 93378.110000000000000
91 92 1000000.000000000000000
92 146 1000000.000000000000000
93 110 10000.000000000000000
94 22 105859.000000000000000
95 100 50000.000000000000000
97 108 21318.000000000000000
100 35 50000.000000000000000
102 35 155480.493800000000000
104 36 92000.000000000000000
108 35 21318.000000000000000
109 35 777001.000000000000000
110 35 10000.000000000000000
111 22 403000.000000000000000
112 212 30000.000000000000000
114 116 2.298767499000000
114 22 211767.742800000000000
116 22 0.119718744000000
117 232 18385.573180000000000
123 22 49396.054370000000000
123 261 1694.787784000000000
126 127 100000.000000000000000
127 35 100000.000000000000000
128 22 140000.000000000000000
129 134 265000.000000000000000
131 22 1296200.000000000000000
133 130 125000.000000000000000
134 35 265000.000000000000000
135 22 356771.150000000000000
137 193 12612.000000000000000
139 22 71000.000000000000000
140 144 79839.000000000000000
141 196 66198.810250000000000
144 35 79839.000000000000000
147 51 0.000000000200000
147 148 145483.000000000000000
148 35 145483.000000000000000
151 152 10000.000000000000000
152 199 10000.000000000000000
153 153 25253.000000000000000
153 154 25253.000000000000000
154 35 25253.000000000000000
157 22 77607.572600000000000
161 218 200000.000000000000000
162 79 0.000000000025000
163 36 9000.000000000000000
165 36 61585.000000000000000
169 170 10000.000000000000000
170 35 10000.000000000000000
172 173 91946.914620000000000
173 35 91946.914620000000000
174 36 32779.000000000000000
175 176 88868.325320000000000
176 35 88868.325320000000000
177 178 10000.000000000000000
177 22 10346.109000000000000
177 181 10000.000000000000000
178 35 10000.000000000000000
181 35 10000.000000000000000
183 22 40000.000000000000000
184 188 40400.000000000000000
185 22 29960.000000000000000
188 35 40400.000000000000000
191 22 200000.000000000000000
193 35 12612.000000000000000
195 22 2600.000000000000000
196 35 66198.810250000000000
197 22 2990.000000000000000
199 22 10000.000000000000000
201 202 504.559202300000000
202 22 0.019789709000000
204 17 0.000000000766015
211 35 10080.000000000000000
212 35 30000.000000000000000
216 35 78997.000000000000000
217 220 5190.630386000000000
218 35 200000.000000000000000
220 35 5190.630386000000000
222 36 335415.000000000000000
225 36 8654.000000000000000
226 225 7454.000000000000000
227 22 0.081000000000000
228 36 75.813796760000000
230 22 0.009912500000000
235 229 541867.000000000000000
236 237 498.950044100000000
236 123 49396.054370000000000
241 22 80812.828590000000000
245 51 0.000000000996450
245 246 184844.360800000000000
246 35 184844.360800000000000
249 258 50000.000000000000000
250 250 0.030000000000000
250 22 0.030000000000000
253 254 1.000000000000000
261 261 20108.787780000000000
261 233 20108.787780000000000
263 79 0.000000000300000
263 273 56086.000000000000000
264 36 33000.000000000000000
265 36 173.886349700000000
267 36 256372.000000000000000
269 36 0.000000001068040
270 271 11000.000000000000000
271 35 11000.000000000000000
273 35 56086.000000000000000
0 2 600000000.000000000000000
1 9 47024.220290000000000
1 3 1727028.250000000000000
1 99 160529.101000000000000
1 135 132367.556300000000000
1 161 36558.619990000000000
2 4 151467.519000000000000
2 10 83178.630140000000000
2 16 85158.121770000000000
6 160 22454.882860000000000
9 36 22000.000000000000000
10 259 102519.393600000000000
22 24 1386632.957000000000000
22 25 0.025208330000000
22 26 4336.570661000000000
22 69 0.995349632000000
22 23 0.354584265000000
22 177 10100.000240000000000
22 179 464889.070000000000000
22 198 1.138467927000000
22 203 0.022250000000000
22 241 39394.553070000000000
25 22 9823.409255000000000
26 27 2686.623861000000000
27 22 0.044781512000000
31 52 12499000.000000000000000
32 22 59192.770170000000000
35 42 499999.000000000000000
35 43 343000.000000000000000
35 48 211912.000000000000000
35 63 184000.000000000000000
35 97 10799.000000000000000
35 104 60000.000000000000000
35 74 186162.000000000000000
35 78 615000.000000000000000
35 52 1000000.000000000000000
35 65 552009.500000000000000
35 165 51585.000000000000000
35 166 47926.000000000000000
35 175 29625.000000000000000
35 226 6254.000000000000000
35 235 521867.000000000000000
35 249 50000.000000000000000
36 189 1534.607373000000000
36 266 0.000000000009345
52 53 12499000.000000000000000
53 35 12499000.000000000000000
65 22 462009.500000000000000
69 22 813264.907700000000000
73 22 650000.000000000000000
78 79 0.000000001200000
78 22 615300.000000000000000
79 65 0.000000001029990
99 36 160529.101000000000000
101 102 105480.493800000000000
114 115 0.587524631000000
115 22 0.035011216000000
123 118 21.108158780000000
124 125 34811.000000000000000
125 35 64100.000000000000000
130 36 125000.000000000000000
142 35 265373.709400000000000
156 159 10000.000000000000000
159 35 10000.000000000000000
160 35 22454.882860000000000
166 36 47926.000000000000000
175 22 29625.000000000000000
177 51 0.000000000025751
179 180 464889.070000000000000
180 35 464889.070000000000000
189 190 1588.760225000000000
190 35 1588.760225000000000
198 22 434888.410600000000000
203 22 5511.048260000000000
223 22 1.268511233000000
231 36 575.085885700000000
238 22 0.028746250000000
252 255 6217.058228000000000
255 35 6217.058228000000000
259 35 102519.393600000000000
1 6 22454.882860000000000
1 124 21088.140030000000000
1 141 2421.947360000000000
2 3 2348918.234000000000000
2 11 86832.657530000000000
22 42 500000.000000000000000
22 106 223219.723100000000000
22 114 21767.742760000000000
22 123 1694.787784000000000
22 128 217483.276600000000000
35 76 345388.000000000000000
35 168 37197.000000000000000
35 240 34015.000000000000000
42 83 500000.000000000000000
83 35 500000.000000000000000
93 36 45995.646270000000000
106 109 223220.000000000000000
128 51 0.000000000390010
128 142 217483.276600000000000
168 36 37197.000000000000000
184 22 31500.000000000000000
240 36 34015.000000000000000
1 8 3081.779215000000000
2 13 30392.427400000000000
17 62 403707.519000000000000
23 22 0.310000000000000
35 39 250.000000000000000
35 45 244000.000000000000000
35 111 103000.000000000000000
35 156 10000.000000000000000
35 184 31500.000000000000000
35 213 100000.000000000000000
62 35 403707.519000000000000
79 22 0.189531277000000
224 22 317311.792600000000000
1 17 159517.564700000000000
22 51 0.011111834000000
22 79 0.703501964000000
35 167 14256.000000000000000
45 22 300000.000000000000000
167 36 14256.000000000000000
1 34 110921.196300000000000
1 93 6875.909163000000000
22 224 1.230950155000000s
22 36 6217.058228000000000
51 22 0.640264728000000
136 22 200000.000000000000000
34 22 110921.196300000000000
70 22 0.005564072000000
22 78 284842.943600000000000
22 238 0.001877787000000
78 80 285700.000000000000000
80 35 285700.000000000000000
22 74 291956.765800000000000
74 75 186160.000000000000000
75 35 186160.000000000000000
22 37 0.091828379000000
36 22 256372.000000000000000
29 22 0.200000000000000
22 29 0.010204764000000